image: 123.pgm
resolution: 0.050000
origin: [-10.255151, -15.155655, 0.000000]
negate: 0
occupied_thresh: 0.65
free_thresh: 0.196

