image: ucar_map_001.pgm
resolution: 0.050000
origin: [-4.552507, -4.133389, 0.000000]
negate: 0
occupied_thresh: 0.65
free_thresh: 0.196

